Grid 17
050807020
600010090
702540006
070020301
504000908
103080070
900076205
060090003
080103040
Grid 08
480006902
002008001
900370060
840010200
003704100
001060049
020085007
700900600
609200018
Grid 16
361025900
080960010
400000057
008000471
000603000
259000800
740000005
020018060
005470329
Grid 05
020810740
700003100
090002805
009040087
400208003
160030200
302700060
005600008
076051090
Grid 01
003020600
900305001
001806400
008102900
700000008
006708200
002609500
800203009
005010300
Grid 33
608070502
050608070
002000300
500090006
040302050
800050003
005000200
010704090
409060701
Grid 36
006080300
049070250
000405000
600317004
007000800
100826009
000702000
075040190
003090600